-
0 0 0 0 0 0
0 0 0 0 0 0
0
 0  0  0  0  0
0  0 0 0 0 0 0
0 0 0 0 0

ambidumbi_1
9 0 0 0 255 3
9 0 14 0 255 3
0
 100000  28181  100000  106  0
3  3700 88 8 121 1 22
0 1 4 228 0

ambidumbi_2
7 0 0 0 255 2
8 0 18 0 255 2
0
 100000  56363  100000  199  0
2  200 254 8 24 0 0
0 0 0 0 0

ambidumbi_3
8 0 0 0 0 0
8 0 0 0 0 0
255
 100000  100000  100000  192  0
2  2500 16 3 157 0 0
0 1 3 51 0

ambidumbi_4
8 0 0 1 255 0
8 0 0 0 0 0
0
 0  0  6363  239  0
0  7400 126 0 0 0 0
0 0 0 0 0

ambidumbi_5
8 0 0 1 255 0
8 0 0 0 0 0
112
 1818  0  18181  254  0
3  6600 78 3 73 0 0
0 1 4 85 0

ambidumbi_6
9 0 0 0 255 0
9 0 12 0 255 0
0
 100  0  14545  70  0
0  0 240 2 157 0 0
0 0 0 0 0

ambidumbi_7
9 0 0 0 255 2
10 0 28 0 255 2
0
 100  0  5454  254  0
2  7800 94 3 103 0 0
0 1 7 128 0

ambidumbi_8
8 0 0 1 82 2
8 0 0 0 0 0
255
 100  0  9090  232  0
3  5200 63 0 0 0 0
0 0 0 0 0

beatnik_1
7 0 0 1 255 0
7 0 0 1 255 0
0
 100  0  5970  254  0
2  500 254 1 31 4 21
0 0 0 0 0

beatnik_2
6 0 0 0 192 0
5 0 8 0 192 0
0
 200  2000  28420  192  0
0  11025 255 0 0 0 0
0 0 0 0 0

beatnik_3
8 0 0 0 0 0
8 0 0 0 0 0
155
 50  197  1776  176  0
1  10795 93 0 0 5 108
0 0 5 187 0

beatnik_4
7 0 0 0 192 2
7 0 7 1 192 2
0
 25350  2000  43425  192  0
1  2132 255 9 127 4 179
1 0 3 134 0

beatnik_5
7 0 0 0 255 2
7 0 4 0 255 2
0
 88  2000  7505  255  0
2  3144 51 6 60 4 64
0 1 7 179 0

beatnik_6
7 0 0 0 192 2
7 0 9 0 192 2
0
 39610  18442  80266  192  0
2  696 255 5 147 3 125
0 1 7 151 1

beatnik_7
7 0 0 0 0 0
7 0 0 1 236 3
148
 20400  444  88  192  0
3  10910 132 0 83 0 0
0 1 6 255 2

beatnik_8
7 0 0 0 192 2
7 0 0 0 201 3
0
 100  150  7505  191  0
2  5839 254 6 121 6 147
0 1 6 195 0

chill_1
5 0 0 0 192 0
5 0 12 0 192 3
0
 200  2000  20000  200  0
2  11025 240 6 120 0 0
0 1 2 210 0

chill_2
6 7 8 0 200 0
6 0 0 0 200 3
0
 200  2000  16000  180  0
2  11025 240 6 160 0 0
0 1 4 210 0

chill_3
7 0 0 0 200 2
7 0 14 0 200 3
0
 200  2000  16000  122  0
2  11025 240 6 190 6 81
0 1 4 210 0

chill_4
8 0 0 0 200 0
8 7 8 0 200 3
0
 36800  36800  36800  20  0
4  11025 240 6 100 3 254
0 1 6 210 0

chill_5
8 7 0 0 200 1
8 7 14 0 200 2
0
 2000  6800  2000  70  0
3  11025 254 6 120 5 214
0 1 7 255 1

chill_6
7 0 0 1 255 0
7 0 0 1 255 0
0
 50  150  4800  200  0
2  600 254 0 0 0 0
0 0 0 0 0

chill_7
8 0 0 1 160 0
8 0 0 1 160 0
210
 50  200  6800  160  0
4  11025 254 6 32 5 61
0 1 4 60 0

chill_8
0 0 0 0 0 0
0 0 0 0 0 0
255
 50  150  4800  20  0
1  11025 254 6 16 7 254
0 1 6 255 0

chippy_1
7 0 0 0 234 1
6 0 9 0 219 1
0
 137  2000  4611  255  0
4  982 89 6 25 6 77
0 1 4 152 0

chippy_2
7 0 0 0 255 2
8 0 9 0 154 1
0
 197  2193  351  184  0
0  11025 255 4 108 3 56
0 0 0 0 0

chippy_3
7 0 0 0 192 1
8 0 11 0 192 3
29
 88  548  1584  228  0
0  11025 255 4 134 7 156
1 0 0 0 0

chippy_4
7 0 0 0 113 3
7 0 0 0 0 0
247
 41496  26863  91231  138  0
3  7640 188 6 124 2 115
1 1 5 232 2

chippy_5
7 0 0 0 192 1
8 0 9 0 192 1
0
 49  3426  49  192  0
1  982 140 6 25 6 77
0 1 3 69 0

chippy_6
5 0 0 1 214 0
5 0 0 1 204 0
229
 50  6363  1818  158  0
3  7924 240 6 74 4 232
0 1 6 231 0

chippy_7
7 0 0 0 192 3
7 0 4 0 192 3
0
 36863  35969  8772  192  0
1  3022 255 4 140 3 162
0 1 8 255 0

chippy_8
7 0 0 0 192 0
7 0 0 0 192 0
0
 200  2000  20000  192  0
0  11025 255 0 0 0 0
0 0 0 0 0

fabrik_1
10 0 0 0 61 0
12 7 0 0 125 0
0
 0  0  47272  86  0
2  7800 240 8 34 3 0
0 0 0 0 0

fabrik_2
7 0 0 0 255 3
8 0 8 0 74 3
0
 47272  40909  46363  149  0
2  224 67 2 25 0 0
0 0 0 0 0

fabrik_3
8 0 0 0 192 2
8 7 0 0 172 2
0
 48181  80909  51818  174  0
2  1300 43 6 172 1 125
0 1 3 180 0

fabrik_4
6 0 0 1 193 0
5 7 0 0 80 0
0
 50  0  17272  254  0
1  0 254 0 0 0 0
0 0 0 0 3

fabrik_5
6 0 0 1 255 1
7 0 142 1 191 1
0
 2727  5454  4545  65  0
2  200 124 3 202 6 254
0 0 6 254 2

fabrik_6
9 0 0 0 0 0
7 0 0 1 0 0
227
 0  4545  3636  212  0
1  3200 240 0 0 4 0
0 1 7 254 2

fabrik_7
8 0 0 0 0 2
8 0 26 0 0 2
255
 0  0  4545  254  0
1  10300 205 8 0 7 254
0 0 4 208 3

fabrik_8
10 0 0 0 95 0
12 0 0 0 0 0
0
 100  0  56363  90  0
2  1300 254 0 0 0 0
0 0 0 0 0

frank4k_1
7 0 0 0 192 2
7 0 9 0 192 2
39
 88  1584  1075  235  0
3  1610 156 3 16 4 131
0 1 4 111 1

frank4k_2
7 0 0 1 255 0
7 0 0 1 255 0
0
 49  150  10614  200  0
2  600 254 2 24 0 0
0 0 0 0 0

frank4k_3
7 0 0 1 255 1
8 0 0 1 208 0
255
 50  150  12631  229  0
1  7931 143 4 24 0 20
0 1 5 64 0

frank4k_4
7 0 0 0 192 2
7 0 0 0 201 3
0
 100  150  13636  191  0
2  5839 191 6 121 6 147
0 1 4 123 1

frank4k_5
7 0 0 0 255 2
8 0 18 0 255 3
0
 21074  56363  100000  199  0
2  948 92 7 60 3 100
0 1 7 138 3

frank4k_6
8 0 0 0 0 0
8 0 0 0 0 0
60
 50  419  4607  182  0
1  10332 120 4 16 5 108
0 0 5 187 0

frank4k_7
7 0 0 0 255 2
8 0 5 0 255 2
48
 5970  88  18442  255  0
2  3657 95 6 147 1 81
0 1 3 195 0

frank4k_8
7 0 0 0 255 3
8 0 0 0 255 0
127
 22  22  2193  255  0
3  4067 176 4 144 2 84
0 1 3 96 0

haumeadrums_1
5 0 0 1 214 0
5 0 0 1 204 0
229
 50  6363  1818  158  0
3  7924 240 6 74 4 232
0 1 6 231 0

haumeadrums_2
6 0 0 1 255 0
6 0 0 1 255 0
14
 50  150  8181  161  0
2  5900 240 6 66 0 0
0 0 0 0 0

haumeadrums_3
7 0 0 0 192 2
7 0 16 1 191 3
0
 50000  48181  50000  112  0
4  11024 240 6 121 3 67
0 1 4 254 0

haumeadrums_4
5 0 0 0 192 0
5 0 16 0 153 3
0
 41818  26363  66363  130  0
2  11024 240 6 102 0 0
0 1 7 217 0

haumeadrums_5
8 0 0 0 192 0
8 0 0 0 0 0
0
 100  10000  100  192  0
0  0 240 0 0 0 0
0 0 0 0 0

haumeadrums_6
8 0 0 0 192 0
8 0 0 0 0 0
0
 100  10000  100  192  0
0  0 240 0 0 0 0
0 0 0 0 0

haumeadrums_7
8 0 0 0 192 0
8 0 0 0 0 0
0
 100  10000  100  192  0
0  0 240 0 0 0 0
0 0 0 0 0

haumeadrums_8
8 0 0 0 192 0
8 0 0 0 0 0
0
 100  10000  100  192  0
0  0 240 0 0 0 0
0 0 0 0 0

jajajaja_1
7 0 0 1 255 0
7 0 0 1 255 0
0
 100  31666  3636  254  0
2  500 254 4 27 7 85
0 0 0 0 0

jajajaja_2
5 0 0 0 192 2
4 0 0 0 201 0
0
 2418  33354  1776  191  0
2  5839 254 6 121 3 20
0 0 8 27 0

jajajaja_3
5 0 0 1 214 0
5 0 0 1 204 0
229
 50  47416  1818  158  0
3  7924 240 6 74 4 232
0 1 6 32 0

jajajaja_4
5 0 0 1 214 0
5 0 0 1 204 0
229
 50  6363  1818  158  0
3  7924 240 6 74 4 232
0 1 6 231 0

jajajaja_5
7 0 0 1 255 0
7 0 0 1 255 0
0
 100  0  3636  254  0
2  500 254 0 27 0 0
0 0 0 0 0

jajajaja_6
9 0 0 0 255 0
9 0 12 0 255 0
0
 100  0  14545  70  0
4  0 240 2 157 3 47
0 0 0 0 0

jajajaja_7
4 0 0 0 192 1
3 0 9 0 192 2
0
 137  61599  4611  178  0
1  982 89 6 25 3 29
1 1 3 69 0

jajajaja_8
7 0 0 1 255 3
8 0 18 0 255 0
0
 10614  55925  100000  255  0
2  200 254 8 24 0 0
0 0 0 0 0

liver_1
7 0 0 0 192 3
7 0 7 0 201 3
0
 789  1234  13636  191  0
2  5839 254 6 121 6 147
0 1 6 195 0

liver_2
7 0 0 0 255 2
8 0 18 1 191 2
0
 3997  56363  100000  255  0
2  392 255 8 69 5 67
0 1 4 57 3

liver_3
8 0 0 0 0 0
8 0 0 0 0 0
60
 50  419  4607  130  0
1  10332 120 4 16 5 108
0 0 5 187 0

liver_4
7 0 0 1 255 0
7 0 0 1 255 0
0
 50  150  4800  200  0
2  600 254 0 0 0 0
0 0 0 0 0

liver_5
7 0 0 0 255 2
7 0 9 0 154 2
0
 2418  1075  10614  240  0
3  2962 255 6 117 3 73
0 1 5 124 0

liver_6
7 0 0 0 192 1
6 0 9 0 192 1
0
 137  2000  4611  192  0
1  982 89 6 25 6 77
0 1 3 69 0

liver_7
7 0 0 0 255 3
8 0 0 0 255 0
127
 22  88  3997  255  0
3  4067 234 4 33 2 84
0 1 3 28 0

liver_8
8 0 0 0 0 0
8 0 0 0 0 0
255
 140347  9216  133417  208  0
2  2500 16 2 157 0 207
0 1 2 51 0

microscope_1
8 0 0 0 192 2
8 7 0 0 201 3
0
 100  150  13636  137  0
2  11024 254 6 121 6 147
0 1 6 195 0

microscope_2
5 0 0 0 240 0
5 0 0 0 157 2
0
 100  20000  69090  218  0
2  3900 240 6 70 0 0
0 1 7 42 0

microscope_3
8 0 0 0 192 3
8 7 0 0 136 2
0
 36363  39090  38181  42  0
4  11024 254 6 106 3 254
0 1 6 254 0

microscope_4
7 0 0 1 192 1
7 7 0 1 191 2
0
 1818  4545  1818  100  0
3  9300 254 6 111 5 254
0 1 4 148 0

microscope_5
7 0 0 1 255 0
7 0 0 1 146 0
0
 50  0  2727  254  0
2  200 254 6 21 0 0
0 0 0 0 0

microscope_6
8 0 0 0 0 0
8 0 0 0 0 0
85
 50  6363  50  67  0
1  10100 254 6 12 5 136
0 0 0 0 0

microscope_7
8 0 0 0 0 0
8 0 0 0 0 0
34
 50  2727  50  82  0
1  3224 254 6 36 7 254
0 1 5 187 0

microscope_8
8 0 0 1 192 0
8 0 0 0 0 0
167
 50  150  10000  188  0
1  1100 254 6 42 3 92
0 0 0 0 0

poseidon_1
7 0 0 0 192 2
8 0 0 0 157 3
0
 100  2727  22727  185  0
2  11024 240 6 132 0 171
0 1 0 207 0

poseidon_2
6 0 0 1 59 3
6 0 0 1 223 3
0
 39090  8181  100000  233  0
0  0 240 6 170 0 0
1 0 2 69 0

poseidon_3
4 0 0 0 223 2
4 0 0 1 240 0
0
 100  10909  100  180  0
2  11024 240 6 3 0 0
0 1 7 80 0

poseidon_4
9 0 0 1 192 2
9 7 0 1 176 1
0
 600  7272  1818  81  0
3  7824 240 6 106 7 254
0 1 1 199 0

poseidon_5
7 0 0 1 238 3
4 0 0 1 6 0
0
 2727  42727  97272  122  0
1  11024 240 6 124 3 254
0 1 5 254 0

poseidon_6
7 0 0 1 255 0
7 0 0 1 255 0
0
 100  0  3636  254  0
2  500 254 0 27 0 0
0 0 0 0 0

poseidon_7
8 0 0 1 221 0
8 0 0 1 210 0
255
 50  150  15454  229  0
3  11024 240 6 24 0 20
0 1 7 64 0

poseidon_8
8 0 0 0 0 0
8 0 0 0 0 0
255
 100  1000  100  75  0
1  11024 240 6 96 4 255
0 1 5 173 0

regressions_1
7 0 0 0 216 1
7 0 11 0 235 1
0
 789  1234  14259  144  0
2  8029 116 3 113 1 105
0 1 3 158 1

regressions_2
7 0 0 1 255 0
7 0 0 1 255 0
0
 50  150  4800  124  0
2  600 254 0 0 0 0
0 0 0 0 0

regressions_3
8 0 0 0 0 0
8 0 0 0 0 0
60
 50  419  4607  130  0
1  10332 120 4 16 5 108
0 0 5 187 0

regressions_4
7 0 0 0 255 3
8 0 0 0 255 0
107
 22  444  6338  255  0
3  4067 176 4 45 2 84
0 1 3 96 0

regressions_5
7 0 0 0 255 2
8 0 18 0 255 2
117
 30021  75047  81599  192  0
2  200 254 8 72 2 142
0 0 0 0 0

regressions_6
7 0 0 0 192 2
7 0 0 0 201 3
0
 100  150  13636  158  0
2  5839 254 6 121 6 147
0 1 6 195 0

regressions_7
5 0 0 1 214 0
5 0 0 1 204 0
229
 50  5268  1818  130  0
3  7924 240 6 74 4 232
0 1 6 231 0

regressions_8
4 0 0 0 183 3
7 0 0 1 255 2
52
 49478  39610  62767  255  0
3  3083 101 5 170 0 115
1 1 7 96 3

synth4k_1
9 0 0 0 161 0
9 0 4 0 182 0
0
 100  1818  18181  192  0
0  0 254 6 108 3 61
0 0 3 94 2

synth4k_2
8 0 0 0 0 0
8 0 0 0 0 0
19
 100  0  3636  192  0
1  8100 156 2 22 3 43
0 0 0 0 0

synth4k_3
6 0 0 0 192 1
8 0 8 0 82 2
0
 100  4545  2727  192  0
3  2700 85 6 60 6 86
0 1 7 106 0

synth4k_4
7 0 0 0 187 2
5 0 2 1 161 2
0
 100  1818  2727  123  0
1  1900 162 2 153 6 61
0 1 2 196 3

synth4k_5
8 0 0 1 192 0
7 0 0 1 70 2
8
 100  0  9090  164  0
2  5500 240 6 51 3 66
0 0 0 0 0

synth4k_6
7 0 0 0 192 2
8 0 6 0 184 2
21
 40000  25454  90909  77  0
2  7100 188 8 147 4 69
0 1 7 176 1

synth4k_7
8 0 0 0 0 0
8 0 0 0 0 0
148
 3636  4545  39090  136  0
2  3100 122 5 132 0 0
0 1 5 147 0

synth4k_8
8 0 0 0 192 0
8 0 0 0 0 0
0
 100  10000  100  192  0
0  0 240 0 0 0 0
0 0 0 0 0

poseidon_1_mod0
7 0 0 0 192 2
8 0 0 0 157 3
0
 100  2727  22727  185  0
2  11024 240 6 76 0 99
0 1 0 207 0

poseidon_2_mod1
6 0 0 1 59 3
6 0 0 1 223 3
0
 39090  8181  100000  233  0
0  0 240 6 170 0 0
1 0 2 69 0

poseidon_3_mod2
4 0 0 0 223 2
4 0 0 1 240 0
0
 100  10909  100  100  1
2  11024 240 6 3 0 0
0 1 7 80 0

poseidon_4_mod3
9 0 0 1 192 2
9 7 0 1 176 1
0
 600  7272  1818  209  1
3  7824 240 6 106 2 134
0 1 1 199 0

poseidon_5_mod4
7 0 0 1 238 3
4 0 0 1 6 0
0
 2727  42727  97272  122  0
1  11024 240 6 124 3 254
0 1 5 254 0

poseidon_6_mod5
7 0 0 1 255 0
7 0 0 1 255 0
0
 100  0  3636  190  0
2  500 254 0 27 0 0
0 0 0 0 0

poseidon_7_mod6
8 0 0 1 221 0
8 0 0 1 210 0
255
 50  150  15454  229  0
3  11024 240 6 24 0 20
0 1 7 64 0

poseidon_8_mod7
8 0 0 0 0 0
8 0 0 0 0 0
255
 100  1000  100  59  0
1  11024 240 1 8 4 255
0 1 5 173 0

